000111001110 10011001101110 1001 001111111100 111000111010 11100001111000 1100 001111000111 100.000000
101011101010 11111000001111 0111 101011101011 010111100001 00111110001110 0101 101010110101 100.000000
111111111000 10101010111010 1010 111111111100 101001011110 10010101010101 1110 111110000011 100.000000
001111111100 11110000111100 1110 000111001110 011011010100 11001100011001 1000 001100111001 99.719101
101100110011 01010101010101 0010 011110000111 101110001111 01111001110000 0100 101110011110 100.000000
011110000111 11111111000000 1111 101100110011 000101110011 10101111011101 1011 110010111110 100.000000
110010101010 00000011111111 0001 110101010101 110001111010 00110001100110 0110 010101011011 100.000000
001001100110 10101010101010 1000 001011001100 101100010111 11000011111111 1101 101001111001 100.000000
010011001100 00111101001111 1101 010110011001 100011100111 10011100111100 0111 000111100111 100.000000
111100001111 10011001100110 0011 111111100001 101010110101 11101010010101 1010 101010111101 100.000000
000101010101 11000011000011 1010 001010101010 111001001010 00100111001100 0011 110011011001 100.000000
101010101010 01111100000111 0110 100100110101 000111110101 10110011110011 1100 011101101110 100.000000
100011110000 00110011001101 1100 100110001110 110111000101 10011111011110 0010 001111000111 100.000000
110101010101 10000111110000 0101 111010101010 001100111011 11011010110101 1111 101010111001 100.000000
001111111100 11110000111001 1110 001101111111 101011010100 00110011100110 0001 110001111000 100.000000
101111111111 11100011100011 0100 101000011111 111010001011 11001100100001 1101 100011100011 100.000000
010011001100 00111100001111 1011 010011001101 101100110010 01111000110000 1001 110101011010 100.000000
111100001111 10011001100111 0110 111111100001 010011101110 10101101111101 0111 011001101100 100.000000
000101010101 11000011010011 1101 000101010110 111000110101 00110110010110 1010 101110011110 100.000000
101010101010 01111100001110 1001 101110101101 100101011011 11000111100011 1000 110011011001 100.000000
