101101010110 1101010011010100110101001101000110101001 1011 1011010101101011101010110101011010101101 101011010101 1100101110100111010111010011101001110100 0111 1011100101110010111001011100101110011110
000111001110 1001100110011001100110011011001100110011 1001 0001110011100111001110001110011100011100 111000111010 1110000111100011110000111100001111000011 1100 0011110001111000111100011110001111001111
101011101010 1111100000111110000011111000011111000001 0111 1010111010111101010111010101110101011101 010111100001 0011111000111110011111000111110001111100 0101 1010101101010110101011010101101010101010
111111111000 1010101010101010101010100101010101010101 1010 1111111111000000000011111111110000000000 101001011110 1010101010101001010101010101010101010101 1110 1111000001111100000111110000011110000011
001111111100 1111000011110000111100011110000111100001 1110 0011111111000000011111111000000001111111 011011010100 1100110011011001100110011001100110011001 1000 0011001111001100110011001100100110011001
101100110011 0101010101010101010010101010101010101010 0010 1011001100110110011001100110011001100110 101110001111 0111100001110000111100001111000011110000 0100 1011100011110001111000111100111100011110
011110000111 1111111100000000111111100000000111111110 1111 0111100001111000111100001111000011110000 000101110011 1010111011011101010111010101110101011101 1011 1100101100110110011011001101001101100110
110010101010 0000001111111111000001111111111000000111 0001 1100101010101011010101010101010101010101 110001111010 0011001101100110011001100110011001100110 0110 0101010111010101110101011110101110101011
001001100110 1010101010101010010101010101010101010101 1000 0010011001100110110011001100110011001100 101100010111 1100001110000111100001111000011110000111 1101 1010011001001100100110010110010011001001
010011001100 0011110000111100011110000111100001111000 1101 0100110011001101100110011001100110011001 100011100111 1001110000111100001111000011110000111100 0111 0001111000111100011110001110001111000111
111100001111 1001100110011011001100110011001100110011 0011 1111000011110001111000011110000111100001 101010110101 1110101011101010111011011101010111010101 1010 1010101010101010101010110101010101010101
000101010101 1100001100001100011000011000011000011000 1010 0001010101010010101010101010101010101010 111001001010 0010011001100110011011001100110011001100 0011 1100110011001100110011011001100110011001
101010101010 0111110000011110000011111000001111100000 0110 1010101010100101010101010101010101010101 000111110101 1011001101110011011100110111001101110011 1100 0111011101110111011101101110111011101110
100011110000 0011001100110110011001100110011001100110 1100 1000111100011110000111100001111000011110 110111000101 1001111000011110000111100001111000011110 0010 0011110001111000111000111100011110001111
110101010101 1000011111000011111000001111100000111110 0101 1101010110101010101010101010101010101010 001100111011 1101101011011001101101011011010110110101 1111 1010101010101010110101010101010101010101
001111111100 1111000011100001111000011110000111100001 1110 0011111111000000011111111000000001111111 101011010100 0011001100110110011001100110011001100110 0001 1100011100011100111000111000111000111000
101111111111 1110001110001110001110001100011100011100 0100 1011111111111100000000000001111111111111 111010001011 1100110010011001100110011001100110011001 1101 1000111100011100011110001111000111100011
010011001100 0011110000111100001111000111100001111000 1011 0100110011001100110011001100110011001101 101100110010 0111100011110000111100001111000011110000 1001 1101010101101010101010101010101010101010
111100001111 1001100110011001100110110011001100110011 0110 1111000011110000111100001111000011110001 010011101110 1010110101011101010111010101110101011101 0111 0110011001001100110011001100110011001100
000101010101 1100001100001100001100011000011000011000 1101 0001010101010101010101010101010101010110 111000110101 0011011001100110011001100110011001100110 1010 1011100111100101110010111001011100101110
101010101010 0111110000011111000011111000001111100000 1001 1010101010101010101010101010101010101101 100101011011 1100011110000111100001111000011110000111 1000 1100110110011001100110011001100110011001