1010 xxxxxxxxxxxxxxxxxxxxxxxxxxxxxxxxxxxxxxxx
1000 0110101010000011011111100111000001110000
1001 1110010101010000111001100101100001100001
1111 0000001011101010011010010101001010010110
1100 1000010011110100111011100111000010101100
1010 0011011010101010000011000101110001000000
0101 0000011000011001011111011110011101100000
0000 0110100111000110001011010110100111000110
1011 1001101110111010000100011110111110001001
0011 1000101110110001101010110000100011010001
0011 1111101000100101110110101101011100011001
1011 0010011011101001000100110110010101101100
1111 0101001010001000001101001100011110100001
0110 1110111101001011100001011001110011011010
1100 1111101111101011001010000110000000100101
0011 1001100011001001011001001111001011100000
1100 1101101001111100110101001100101111011000
0010 0011111011101110011011000110011110100110
1101 1110010110001101111111000010111111000110
1000 0100001101101000100001001101101010110001
1101 1001001100010110110101100111110110010010